1 01111110101111001000100100001101
0 10111000101111000101011110010000
1 11010110011011100100011110001000
1 00100110000010101100100010110100
0 10011011101101100100001001011010
1 11100100110010100110000100011000
0 00000010001011101101000010100111
0 11010011011001010100011001001111
1 01011010110010111000100100101110
0 01111111100000001100000111100111
1 11011101011001011011110101001111
1 01010101001011000011001011111001
0 11011110001010001110111111100010
0 10110111110111011001011011111010
0 01011000010101001100010100101000
1 01011110011000101011000100001001
1 11011100100111101101111110001110
0 11111111100011111101000011000001
0 01000111100001100101010101000100
1 11101100101001011000110101010001